DIMENSIONS:
150 150

# Colony in the center
COLONY:
75 75


FOOD:
# Upper left corner (unchanged)
30 30 1
30 31 1
30 32 1
30 33 1
30 34 1
31 30 1
31 31 1
31 32 1
31 33 1
31 34 1
32 30 1
32 31 1
32 32 1
32 33 1
32 34 1
33 30 1
33 31 1
33 32 1
33 33 1
33 34 1
34 30 1
34 31 1
34 32 1
34 33 1
34 34 1

# Upper right corner (mirror horizontally around x=75)
116 30 1
116 31 1
116 32 1
116 33 1
116 34 1
117 30 1
117 31 1
117 32 1
117 33 1
117 34 1
118 30 1
118 31 1
118 32 1
118 33 1
118 34 1
119 30 1
119 31 1
119 32 1
119 33 1
119 34 1
120 30 1
120 31 1
120 32 1
120 33 1
120 34 1

# Lower left corner (mirror vertically around y=75)
30 116 1
30 117 1
30 118 1
30 119 1
30 120 1
31 116 1
31 117 1
31 118 1
31 119 1
31 120 1
32 116 1
32 117 1
32 118 1
32 119 1
32 120 1
33 116 1
33 117 1
33 118 1
33 119 1
33 120 1
34 116 1
34 117 1
34 118 1
34 119 1
34 120 1

# Lower right corner (mirror both horizontally and vertically)
116 116 1
116 117 1
116 118 1
116 119 1
116 120 1
117 116 1
117 117 1
117 118 1
117 119 1
117 120 1
118 116 1
118 117 1
118 118 1
118 119 1
118 120 1
119 116 1
119 117 1
119 118 1
119 119 1
119 120 1
120 116 1
120 117 1
120 118 1
120 119 1
120 120 1

# Cross-shaped wall with gaps
WALL:
# Vertical wall
75 0
75 1
75 2
75 3
75 4
75 5
75 6
75 7
75 8
75 9
75 10
75 11
75 12
75 13
75 14
75 15
75 16
75 17
75 18
75 19
75 20
75 21
75 22
75 23
75 24
75 25
75 26
75 27
75 28
75 29
75 30
75 35
75 36
75 37
75 38
75 39
75 40
75 41
75 42
75 43
75 44
75 45
75 46
75 47
75 48
75 49
75 50
75 51
75 52
75 53
75 54
75 55
75 56
75 57
75 58
75 59
75 60
75 61
75 62
75 63
75 64
75 65
# Gap at 66-84 for colony access
75 85
75 86
75 87
75 88
75 89
75 90
75 91
75 92
75 93
75 94
75 95
75 96
75 97
75 98
75 99
75 100
75 101
75 102
75 103
75 104
75 105
75 106
75 107
75 108
75 109
75 110
75 111
75 112
75 113
75 114
75 115
75 120
75 121
75 122
75 123
75 124
75 125
75 126
75 127
75 128
75 129
75 130
75 131
75 132
75 133
75 134
75 135
75 136
75 137
75 138
75 139
75 140
75 141
75 142
75 143
75 144
75 145
75 146
75 147
75 148
75 149

# Horizontal wall
0 75
1 75
2 75
3 75
4 75
5 75
6 75
7 75
8 75
9 75
10 75
11 75
12 75
13 75
14 75
15 75
16 75
17 75
18 75
19 75
20 75
21 75
22 75
23 75
24 75
25 75
30 75
31 75
32 75
33 75
34 75
35 75
36 75
37 75
38 75
39 75
40 75
41 75
42 75
43 75
44 75
45 75
46 75
47 75
48 75
49 75
50 75
51 75
52 75
53 75
54 75
55 75
56 75
57 75
58 75
59 75
60 75
61 75
62 75
63 75
64 75
65 75
# Gap at 66-84 for colony access
85 75
86 75
87 75
88 75
89 75
90 75
91 75
92 75
93 75
94 75
95 75
96 75
97 75
98 75
99 75
100 75
101 75
102 75
103 75
104 75
105 75
106 75
107 75
108 75
109 75
110 75
111 75
112 75
113 75
114 75
115 75
120 75
121 75
122 75
123 75
124 75
125 75
126 75
127 75
128 75
129 75
130 75
131 75
132 75
133 75
134 75
135 75
136 75
137 75
138 75
139 75
140 75
141 75
142 75
143 75
144 75
145 75
146 75
147 75
148 75
149 75

# Number of ants to spawn
ANTS:
70

TIME_LIMIT:
300

MAX_STEPS:
10000