DIMENSIONS:
150 100

# Colony in the left side
COLONY:
20 50

ANTS:
100

TIME_LIMIT:
600

MAX_STEPS:
15000
# Food sources in 5x5 grid style
FOOD:
# Food source 1 (left-middle area)
40 30 1
40 31 1
40 32 1
40 33 1
40 34 1
41 30 1
41 31 1
41 32 1
41 33 1
41 34 1
42 30 1
42 31 1
42 32 1
42 33 1
42 34 1
43 30 1
43 31 1
43 32 1
43 33 1
43 34 1
44 30 1
44 31 1
44 32 1
44 33 1
44 34 1

# Food source 2 (right-middle area)
105 65 1
105 66 1
105 67 1
105 68 1
105 69 1
106 65 1
106 66 1
106 67 1
106 68 1
106 69 1
107 65 1
107 66 1
107 67 1
107 68 1
107 69 1
108 65 1
108 66 1
108 67 1
108 68 1
108 69 1
109 65 1
109 66 1
109 67 1
109 68 1
109 69 1

# Food source 3 (top-right corner)
130 15 1
130 16 1
130 17 1
130 18 1
130 19 1
131 15 1
131 16 1
131 17 1
131 18 1
131 19 1
132 15 1
132 16 1
132 17 1
132 18 1
132 19 1
133 15 1
133 16 1
133 17 1
133 18 1
133 19 1
134 15 1
134 16 1
134 17 1
134 18 1
134 19 1

WALL:
# Outer walls - top
0 0
1 0
2 0
3 0
4 0
5 0
6 0
7 0
8 0
9 0
10 0
11 0
12 0
13 0
14 0
15 0
16 0
17 0
18 0
19 0
20 0
21 0
22 0
23 0
24 0
25 0
26 0
27 0
28 0
29 0
30 0
31 0
32 0
33 0
34 0
35 0
36 0
37 0
38 0
39 0
40 0
41 0
42 0
43 0
44 0
45 0
46 0
47 0
48 0
49 0
50 0
51 0
52 0
53 0
54 0
55 0
56 0
57 0
58 0
59 0
60 0
61 0
62 0
63 0
64 0
65 0
66 0
67 0
68 0
69 0
70 0
71 0
72 0
73 0
74 0
75 0
76 0
77 0
78 0
79 0
80 0
81 0
82 0
83 0
84 0
85 0
86 0
87 0
88 0
89 0
90 0
91 0
92 0
93 0
94 0
95 0
96 0
97 0
98 0
99 0
100 0
101 0
102 0
103 0
104 0
105 0
106 0
107 0
108 0
109 0
110 0
111 0
112 0
113 0
114 0
115 0
116 0
117 0
118 0
119 0
120 0
121 0
122 0
123 0
124 0
125 0
126 0
127 0
128 0
129 0
130 0
131 0
132 0
133 0
134 0
135 0
136 0
137 0
138 0
139 0
140 0
141 0
142 0
143 0
144 0
145 0
146 0
147 0
148 0
149 0

# Outer walls - right
149 0
149 1
149 2
149 3
149 4
149 5
149 6
149 7
149 8
149 9
149 10
149 11
149 12
149 13
149 14
149 15
149 16
149 17
149 18
149 19
149 20
149 21
149 22
149 23
149 24
149 25
149 26
149 27
149 28
149 29
149 30
149 31
149 32
149 33
149 34
149 35
149 36
149 37
149 38
149 39
149 40
149 41
149 42
149 43
149 44
149 45
149 46
149 47
149 48
149 49
149 50
149 51
149 52
149 53
149 54
149 55
149 56
149 57
149 58
149 59
149 60
149 61
149 62
149 63
149 64
149 65
149 66
149 67
149 68
149 69
149 70
149 71
149 72
149 73
149 74
149 75
149 76
149 77
149 78
149 79
149 80
149 81
149 82
149 83
149 84
149 85
149 86
149 87
149 88
149 89
149 90
149 91
149 92
149 93
149 94
149 95
149 96
149 97
149 98
149 99

# Outer walls - bottom
0 99
1 99
2 99
3 99
4 99
5 99
6 99
7 99
8 99
9 99
10 99
11 99
12 99
13 99
14 99
15 99
16 99
17 99
18 99
19 99
20 99
21 99
22 99
23 99
24 99
25 99
26 99
27 99
28 99
29 99
30 99
31 99
32 99
33 99
34 99
35 99
36 99
37 99
38 99
39 99
40 99
41 99
42 99
43 99
44 99
45 99
46 99
47 99
48 99
49 99
50 99
51 99
52 99
53 99
54 99
55 99
56 99
57 99
58 99
59 99
60 99
61 99
62 99
63 99
64 99
65 99
66 99
67 99
68 99
69 99
70 99
71 99
72 99
73 99
74 99
75 99
76 99
77 99
78 99
79 99
80 99
81 99
82 99
83 99
84 99
85 99
86 99
87 99
88 99
89 99
90 99
91 99
92 99
93 99
94 99
95 99
96 99
97 99
98 99
99 99
100 99
101 99
102 99
103 99
104 99
105 99
106 99
107 99
108 99
109 99
110 99
111 99
112 99
113 99
114 99
115 99
116 99
117 99
118 99
119 99
120 99
121 99
122 99
123 99
124 99
125 99
126 99
127 99
128 99
129 99
130 99
131 99
132 99
133 99
134 99
135 99
136 99
137 99
138 99
139 99
140 99
141 99
142 99
143 99
144 99
145 99
146 99
147 99
148 99
149 99

# Outer walls - left
0 0
0 1
0 2
0 3
0 4
0 5
0 6
0 7
0 8
0 9
0 10
0 11
0 12
0 13
0 14
0 15
0 16
0 17
0 18
0 19
0 20
0 21
0 22
0 23
0 24
0 25
0 26
0 27
0 28
0 29
0 30
0 31
0 32
0 33
0 34
0 35
0 36
0 37
0 38
0 39
0 40
0 41
0 42
0 43
0 44
0 45
0 46
0 47
0 48
0 49
0 50
0 51
0 52
0 53
0 54
0 55
0 56
0 57
0 58
0 59
0 60
0 61
0 62
0 63
0 64
0 65
0 66
0 67
0 68
0 69
0 70
0 71
0 72
0 73
0 74
0 75
0 76
0 77
0 78
0 79
0 80
0 81
0 82
0 83
0 84
0 85
0 86
0 87
0 88
0 89
0 90
0 91
0 92
0 93
0 94
0 95
0 96
0 97
0 98
0 99

# First vertical river
50 0
50 1
50 2
50 3
50 4
50 5
50 6
50 7
50 8
50 9
50 10
50 11
50 12
50 13
50 14
50 15
50 16
50 17
50 18
50 19
50 20
50 21
50 22
50 23
50 24
50 25
50 26
50 27
50 28
50 29
# Gap at 30-40 (first bridge)
50 41
50 42
50 43
50 44
50 45
50 46
50 47
50 48
50 49
50 50
50 51
50 52
50 53
50 54
50 55
50 56
50 57
50 58
50 59
50 60
50 61
50 62
50 63
50 64
50 65
50 66
50 67
50 68
50 69
# Gap at 70-80 (second bridge)
50 81
50 82
50 83
50 84
50 85
50 86
50 87
50 88
50 89
50 90
50 91
50 92
50 93
50 94
50 95
50 96
50 97
50 98
50 99

# Second vertical river (around position 90)
90 0
90 1
90 2
90 3
90 4
90 5
90 6
90 7
90 8
90 9
90 10
90 11
90 12
90 13
90 14
90 15
90 16
90 17
90 18
90 19
90 20
90 21
90 22
90 23
90 24
90 25
90 26
90 27
90 28
90 29
90 30
90 31
90 32
90 33
90 34
90 35
90 36
90 37
90 38
90 39
90 40
90 41
90 42
90 43
90 44
90 45
90 46
90 47
90 48
90 49
# Gap at 50-60 (first bridge)
90 61
90 62
90 63
90 64
90 65
90 66
90 67
90 68
90 69
90 70
90 71
90 72
90 73
90 74
90 75
90 76
90 77
90 78
90 79
90 80
90 81
90 82
90 83
90 84
90 85
90 86
90 87
90 88
90 89
90 90
90 91
90 92
90 93
90 94
90 95
90 96
90 97
90 98
90 99

# Third vertical river
130 35
130 36
130 37
130 38
130 39
130 40
130 41
130 42
130 43
130 44
130 45
130 46
130 47
130 48
130 49
130 50
130 51
130 52
130 53
130 54
130 55
130 56
130 57
130 58
130 59
130 60
130 61
130 62
130 63
130 64
130 65
130 66
130 67
130 68
130 69
130 70
130 71
130 72
130 73
130 74
130 75
130 76
130 77
130 78
130 79
130 80
130 81
130 82
130 83
130 84
130 85
130 86
130 87
130 88
130 89
130 90
130 91
130 92
130 93
130 94
130 95
130 96
130 97
130 98
130 99

# Horizontal wall segment 1 (top)
50 30
51 30
52 30
53 30
54 30
55 30
56 30
57 30
58 30
59 30
60 30
61 30
62 30
63 30
64 30
65 30
66 30
67 30
68 30
69 30
70 30
71 30
72 30
73 30
74 30
75 30
76 30
77 30
78 30
79 30
80 30
81 30
82 30
83 30
84 30
85 30
86 30
87 30
88 30
89 30
90 30

# Horizontal wall segment 2 (middle)
50 70
51 70
52 70
53 70
54 70
55 70
56 70
57 70
58 70
59 70
60 70
61 70
62 70
63 70
64 70
65 70
66 70
67 70
68 70
69 70
70 70
71 70
72 70
73 70
74 70
75 70
76 70
77 70
78 70
79 70
80 70
81 70
82 70
83 70
84 70
85 70
86 70
87 70
88 70
89 70
90 70
